accuracy = 0.9097421203438395
auprc = 0.5599527964727997
auroc = 0.898357221463518
eval_loss = 0.21991355468829474
f1_score = 0.5215189873417722
fn = 96
fp = 93
mcc = 0.4717101152985508
tn = 1802
tp = 103
