accuracy = 0.9134328358208955
auprc = 0.5617145220250701
auroc = 0.8969565722440717
eval_loss = 0.2186344936490059
f1_score = 0.5425867507886435
fn = 73
fp = 72
mcc = 0.4947828282787461
tn = 1444
tp = 86
